0.000220530433580
0.000257942621829
0.000227561075008
0.000134580041049
0.000000001444994
-0.000143417564686
-0.000258264917647
-0.000311357580358
-0.000282584107481
-0.000171547930222
-0.000000002803345
0.000191212442587
0.000350800488377
0.000429764244473
0.000395394366933
0.000242757596425
0.000000003342404
-0.000275042781141
-0.000507346412633
-0.000623953354079
-0.000575482146814
-0.000353780342266
-0.000000003908613
0.000400689052185
0.000738108763471
0.000905962544493
0.000833508616779
0.000510921934620
0.000000004239264
-0.000574786914513
-0.001054912107065
-0.001289852894843
-0.001182036707178
-0.000721671967767
-0.000000009830697
0.000805381103419
0.001472227857448
0.001793012488633
0.001636762754060
0.000995495938696
0.000000010828347
-0.001102843787521
-0.002008926123381
-0.002438361523673
-0.002218607347459
-0.001345149474218
-0.000000010974457
0.001481476123445
0.002691289642826
0.003258184529841
0.002957364311442
0.001788988825865
0.000000009769447
-0.001962316455320
-0.003558459691703
-0.004301085136831
-0.003898385912180
-0.002355297096074
-0.000000015942858
0.002578520914540
0.004672770854086
0.005645397119224
0.005115652456880
0.003090727841482
0.000000012648219
-0.003386167576537
-0.006141120567918
-0.007427230942994
-0.006739475764334
-0.004078691359609
-0.000000022096652
0.004488630685955
0.008163674734533
0.009905884042382
0.009022638201714
0.005484079010785
0.000000015066179
-0.006098838057369
-0.011162335984409
-0.013641282916069
-0.012525350786746
-0.007682628929615
-0.000000015993397
0.008733567781746
0.016197977587581
0.020097076892853
0.018775716423988
0.011748642660677
0.000000016687061
-0.014043173752725
-0.026889486238360
-0.034655638039112
-0.033901818096638
-0.022450316697359
-0.000000017122840
0.031615085899830
0.068602971732616
0.105811461806297
0.137638717889786
0.159074485301971
0.166666671633720
0.159145995974541
0.137762546539307
0.105954319238663
0.068726547062397
0.031686332076788
-0.000000017169185
-0.022521281614900
-0.034024436026812
-0.034796826541424
-0.027011381462216
-0.014113307930529
0.000000016778126
0.011818224564195
0.018895702436566
0.020234962925315
0.016316778957844
0.008801783435047
-0.000000016125988
-0.007750031538308
-0.012641338631511
-0.013774297200143
-0.011276699602604
-0.006164366845042
0.000000015235646
0.005548552609980
0.009133343584836
0.010032563470304
0.008272353559732
0.004550762008876
-0.000000022414351
-0.004139545373619
-0.006843725219369
-0.007546243723482
-0.006242978386581
-0.003444260684773
0.000000012872519
0.003147347597405
0.005212405696511
0.005755570717156
0.004766819067299
0.002632018877193
-0.000000016283680
-0.002407155930996
-0.003986756782979
-0.004401425831020
-0.003643866628408
-0.002010755008087
0.000000010017387
0.001835656468756
0.003036634996533
0.003347901860252
0.002767399884760
0.001524494611658
-0.000000011301584
-0.001386299380101
-0.002288246992975
-0.002516876207665
-0.002075269585475
-0.001140188775025
0.000000011204232
0.001030912972055
0.001696428866126
0.001859967131168
0.001528527121991
0.000836910679936
-0.000000010224566
-0.000751251820475
-0.001231581554748
-0.001345113385469
-0.001101082772948
-0.000600472034421
0.000000004432549
0.000534671999048
0.000872976263054
0.000949616020080
0.000774259096943
0.000420609721914
-0.000000004105564
-0.000371816160623
-0.000605103326961
-0.000656302436255
-0.000533767801244
-0.000289384275675
0.000000003516253
0.000255297898548
0.000415577000240
0.000451311731013
0.000367955828551
0.000200257942197
-0.000000002930371
-0.000178906717338
-0.000293897464871
-0.000322790176142
-0.000266773800831
-0.000147538637975
0.000000001479843
0.000137156122946
0.000230718636885
0.000260109605733
0.000221149923163
